SEGMENTS [[0, 0, 0, 0, 468, 0, 117440512, 0], [1, 4096, 399507456, 399507456, 32540, 32540, 5, 4096], [1, 36864, 399540224, 399540224, 4068, 4068, 6, 4096], [1, 40960, 399552512, 399552512, 0, 256, 6, 4096], [1, 40960, 399556608, 399556608, 8836, 8836, 6, 4096], [1, 53248, 399568896, 399568896, 0, 4096, 6, 4096], [1, 53248, 3625320448, 3625320448, 0, 1155072, 6, 4096], [1, 53248, 399638528, 3626827776, 20996, 20996, 5, 4096], [1, 77824, 399671296, 3626860544, 10300, 10300, 6, 4096], [1, 90112, 399699968, 3626889216, 0, 4096, 6, 4096], [1, 90112, 3626893312, 3626893312, 30220, 30220, 5, 4096], [1, 122880, 3626958848, 3626958848, 57312, 57312, 6, 4096], [0, 180224, 0, 0, 11424, 11424, 33554432, 4096]]
DISPATCH {
  "11": "0x17d201d2",
  "12": "0x17d201fc",
  "13": "0x17d20210",
  "14": "0x17d20238",
  "15": "0x17d2030c",
  "16": "0x17d2030c",
  "17": "0x17d2024a",
  "18": "0x17d2027a",
  "19": "0x17d202ba",
  "20": "0x17d202cc",
  "21": "0x17d202e0",
  "22": "0x17d202fa"
}
MEMORY 0x17d28050 00 00 00 00 00 00 00 00 00 00 00 00 03 00 00 00 00 00 00 00 00 00 00 00 01 00 00 00 01 00 00 00 01 00 00 00 01 00 00 00 01 00 00 00 02 00 00 00 02 00 00 00 02 00 00 00 02 00 00 00 03 00 00 00 d2 01 d2 17 fc 01 d2 17 10 02 d2 17 38 02 d2 17 0c 03 d2 17 0c 03 d2 17 4a 02 d2 17 7a 02 d2 17 ba 02 d2 17 cc 02 d2 17 e0 02 d2 17 fa 02 d2 17 28 44 29 63 31 5f 64 63 76 73 2d 74 73 3a 25 6c 6c 75 2c 63 64 3a 25 6c 75 2c 76 63 5f 74 73 3a 25 6c 6c 75 2c 76 63 3a 25 6c 75 2c 66 3a 25 6c 75 0a 00 00 28 44 29 63 31 5f 64 63 76 73 2d 74 73 3a 25 6c 6c 75 2c 63 70 75 69 64 3a 25 6c 75 2c 65 66 72 65 71 3a 25 6c 75 0a 00 28 44 29 63 31 5f 64 63 76 73 2d 74 73 3a 25 6c 6c 75 2c 72 61 69 6c 3a 25 6c 75 2c 65 6e 3a 25 75 2c 68 79 73 74 3a 25 6c 75 0a 00 00 00 00 00 00 00 00 00 00 00 00 00 00 00 00 00 00 00 00 00 00 00 00 00 00 00 00 00 00 00 00 00 00 00 00 00 00 00 00 00 00 00 00 00 00 00 00 00 8c 84 d2 17 90 84 d2 17 98 84 d2 17 9c 84 d2 17 00 00 00 00 00 00 00 00 00 00 00 00 00 00 00 00 00 00 00 00 00 00 00 00
MEMORY 0x17d28400 45 78 63 65 65 64 65 64 20 6d 61 78 20 6d 65 6d 20 67 72 6f 75 70 73 0a 00 00 00 00 45 78 63 65
STRING 0x17d280c0 b'(D)c1_dcvs-ts:%llu,cd:%lu,vc_ts:%llu,vc:%lu,f:%lu\n'
STRING 0x17d280f4 b'(D)c1_dcvs-ts:%llu,cpuid:%lu,efreq:%lu\n'
STRING 0x17d2811c b'(D)c1_dcvs-ts:%llu,rail:%lu,en:%u,hyst:%lu\n'
